0,548
0,547
0,472
0,273
0,270
0,532
9,5
10,112
10,88
10,126
10,76
10,194
10,176
10,294
102,4
102,3
10,2
102,2
102,1
10,3
102,0
101,6
101,5
101,4
101,3
101,2
101,1
101,0
99,5
99,4
99,3
9,7
99,2
99,1
9,6
99,0
9,1
96,3
9,4
96,2
9,2
96,1
9,3
96,0
94,6
94,5
94,4
94,3
94,2
94,1
8,13
94,0
8,10
93,3
8,4
93,2
93,1
8,6
8,11
93,0
91,5
91,4
91,3
91,2
91,1
91,0
84,3
84,2
84,1
84,0
83,5
83,4
83,3
83,2
83,1
83,0
45,3
45,1
25,3
25,1
20,3
20,2
20,1
19,2
19,1
19,3
14,6
14,5
12,3
12,2
12,1
11,27
11,26
11,25
11,24
11,23
11,22
11,21
11,20
11,19
11,18
11,17
11,16
11,15
11,14
11,13
11,12
11,11
11,10
11,8
11,7
11,6
11,4
11,3
11,2
11,1
10,292
10,290
10,287
10,286
10,283
10,281
10,272
